x
-22.2601116898632
0
0
0
0.0119494911453998
0.0119494911453998
1
1
-22.2516171160283
0
0
0
0.0124468030348559
0.0114012761732464
1
1
-102.294334299899
0.00947824049218857
1e-12
0
NA
NA
NA
NA
-95.2634079580093
0.00700304945739817
1e-12
0.0929042981864574
NA
NA
NA
NA
-123.740378914091
0.0122587358089031
1e-12
0
0.0124476847018399
0.0109223810151962
1
0.547851531067205
-115.183482485835
0.0101089466007555
1e-13
0.208075026171719
0.012720273375082
0.0107811624011137
1
0.312600120580676
-115.183470093347
0.0101074261562574
1e-13
0.208403814743739
0.0127261932767261
0.0107908211471081
1
0.312675424595366
