x
-20.8139993901366
0
0
0
0.0113346713290366
0.0113346713290366
1
1
-20.7830490643977
0
0
0
0.0122775594809885
0.0102958905037603
1
1
-102.294334299899
0.00947824049218857
1e-12
0
NA
NA
NA
NA
-95.2634079580093
0.00700304945739817
1e-12
0.0929042981864574
NA
NA
NA
NA
-122.107332845748
0.012666808237527
1e-12
0
0.012417495488997
0.00935163033065035
1
0.511202514201464
-113.563088418555
0.0103802947842567
1e-13
0.214854316244036
0.0127180157803204
0.00920181123062142
1
0.300294777289034
-113.563094447173
0.0103697413933076
1e-13
0.213224595538519
0.0127227794423284
0.0092056343690838
1
0.302165120583173
