param_iter	simnum	simcount	seed	d	e	j	brate	drate	b_exp	d_exp	m1	m2	t12	t21	nsp_sim	tree_ht_sim	tree_len_sim	nsp_obs	tree_ht_obs	tree_len_obs	time_spent_in_trait1	time_spent_in_trait2	total_time	pct_spent_in_trait1	pct_spent_in_trait2	sim_t12	sim_t21	sim_d_t1	sim_d_t2	sim_e_t1	sim_e_t2	sim_a_t1	sim_a_t2	obs_t12	obs_t21	obs_d_t1	obs_d_t2	obs_e_t1	obs_e_t2	obs_a_t1	obs_a_t2	sim_j_t1	sim_j_t2	sim_y_t1	sim_y_t2	sim_s_t1	sim_s_t2	sim_v_t1	sim_v_t2	obs_j_t1	obs_j_t2	obs_y_t1	obs_y_t2	obs_s_t1	obs_s_t2	obs_v_t1	obs_v_t2
1	1	1	592230786	0.01	0	0.1	0.04491782	0	0	0	1	0.5	0.005	0.01	50	67.1202730867629	1023.89535144423	50	67.1202730867629	1023.89535144423	433.986759447558	589.908591996677	1023.89535144423	42.4	57.6	3	7	15	8	0	0	0	0	3	7	15	8	0	0	0	0	4	7	7	16	5	4	2	4	4	7	7	16	5	4	2	4
1	2	2	592230787	0.01	0	0.1	0.04491782	0	0	0	1	0.5	0.005	0.01	50	72.9392714436858	1114.54076166519	50	72.9392714436858	1114.54076166519	466.296637006507	648.244124658685	1114.54076166519	41.8	58.2	3	3	14	8	0	0	0	0	3	3	14	8	0	0	0	0	5	5	9	21	1	4	3	1	5	5	9	21	1	4	3	1
1	3	3	592230788	0.01	0	0.1	0.04491782	0	0	0	1	0.5	0.005	0.01	50	67.5463465454266	925.600008582056	50	67.5463465454266	925.600008582056	521.806833940541	403.793174641515	925.600008582056	56.4	43.6	5	9	19	6	0	0	0	0	5	9	19	6	0	0	0	0	6	3	13	16	6	0	3	2	6	3	13	16	6	0	3	2
1	4	4	592230789	0.01	0	0.1	0.04491782	0	0	0	1	0.5	0.005	0.01	50	67.6552604445715	1128.11556087915	50	67.6552604445715	1128.11556087915	325.988311414317	802.127249464832	1128.11556087915	28.9	71.1	4	7	10	15	0	0	0	0	4	7	10	15	0	0	0	0	1	9	2	26	2	3	4	2	1	9	2	26	2	3	4	2
1	5	5	592230790	0.01	0	0.1	0.04491782	0	0	0	1	0.5	0.005	0.01	50	76.0870118526052	1178.98368643434	50	76.0870118526052	1178.98368643434	585.250443862462	593.733242571874	1178.98368643434	49.6	50.4	3	7	19	9	0	0	0	0	3	7	19	9	0	0	0	0	8	7	11	16	2	2	2	1	8	7	11	16	2	2	2	1
1	6	6	592230791	0.01	0	0.1	0.04491782	0	0	0	1	0.5	0.005	0.01	50	73.7214270402738	992.452329468311	50	73.7214270402738	992.452329468311	441.84541228116	550.60691718715	992.452329468311	44.5	55.5	1	7	10	6	0	0	0	0	1	7	10	6	0	0	0	0	5	7	7	19	7	1	2	1	5	7	7	19	7	1	2	1
1	7	7	592230792	0.01	0	0.1	0.04491782	0	0	0	1	0.5	0.005	0.01	50	71.1215632538538	965.497811627461	50	71.1215632538538	965.497811627461	313.511651559701	651.98616006776	965.497811627461	32.5	67.5	1	8	6	16	0	0	0	0	1	8	6	16	0	0	0	0	3	10	4	17	1	9	2	3	3	10	4	17	1	9	2	3
1	8	8	592230793	0.01	0	0.1	0.04491782	0	0	0	1	0.5	0.005	0.01	50	75.5981009286163	1015.47716617376	50	75.5981009286163	1015.47716617376	432.850224451522	582.626941722236	1015.47716617376	42.6	57.4	3	6	13	8	0	0	0	0	3	6	13	8	0	0	0	0	4	4	8	24	4	2	1	2	4	4	8	24	4	2	1	2
1	9	9	592230794	0.01	0	0.1	0.04491782	0	0	0	1	0.5	0.005	0.01	50	89.3256801616225	1129.63740900835	50	89.3256801616225	1129.63740900835	390.21876677309	739.418642235259	1129.63740900835	34.5	65.5	0	6	8	16	0	0	0	0	0	6	8	16	0	0	0	0	1	6	10	22	3	5	0	2	1	6	10	22	3	5	0	2
1	10	10	592230795	0.01	0	0.1	0.04491782	0	0	0	1	0.5	0.005	0.01	50	61.3188380789288	1034.20001231263	50	61.3188380789288	1034.20001231263	237.21307269684	796.986939615792	1034.20001231263	22.9	77.1	1	9	2	16	0	0	0	0	1	9	2	16	0	0	0	0	3	11	3	24	2	3	0	3	3	11	3	24	2	3	0	3
1	11	11	592230796	0.01	0	0.1	0.04491782	0	0	0	1	0.5	0.005	0.01	50	70.7643092284911	1000.43564512071	50	70.7643092284911	1000.43564512071	200.570215687587	799.865429433123	1000.43564512071	20	80	1	6	5	17	0	0	0	0	1	6	5	17	0	0	0	0	2	5	7	23	2	6	1	3	2	5	7	23	2	6	1	3
1	12	12	592230797	0.01	0	0.1	0.04491782	0	0	0	1	0.5	0.005	0.01	50	57.678456007247	1010.02002675776	50	57.678456007247	1010.02002675776	223.046618005538	786.973408752218	1010.02002675776	22.1	77.9	0	6	5	16	0	0	0	0	0	6	5	16	0	0	0	0	2	15	0	21	1	5	1	4	2	15	0	21	1	5	1	4
1	13	13	592230798	0.01	0	0.1	0.04491782	0	0	0	1	0.5	0.005	0.01	50	104.833531418812	1124.10439532512	50	104.833531418812	1124.10439532512	922.483365131342	201.621030193777	1124.10439532512	82.1	17.9	4	5	32	2	0	0	0	0	4	5	32	2	0	0	0	0	11	2	12	5	12	0	6	1	11	2	12	5	12	0	6	1
1	14	14	592230799	0.01	0	0.1	0.04491782	0	0	0	1	0.5	0.005	0.01	50	83.3941443627726	1106.93145965212	50	83.3941443627726	1106.93145965212	304.416155544582	802.515304107536	1106.93145965212	27.5	72.5	1	4	9	18	0	0	0	0	1	4	9	18	0	0	0	0	5	2	2	28	2	5	1	4	5	2	2	28	2	5	1	4
1	15	15	592230800	0.01	0	0.1	0.04491782	0	0	0	1	0.5	0.005	0.01	50	87.5349303413203	1373.92251439169	50	87.5349303413203	1373.92251439169	196.523038797291	1177.3994755944	1373.92251439169	14.3	85.7	2	11	4	16	0	0	0	0	2	11	4	16	0	0	0	0	0	8	0	32	1	5	0	3	0	8	0	32	1	5	0	3
1	16	16	592230801	0.01	0	0.1	0.04491782	0	0	0	1	0.5	0.005	0.01	50	64.9965098225011	1033.60253629477	50	64.9965098225011	1033.60253629477	359.41171720543	674.190819089338	1033.60253629477	34.8	65.2	1	7	13	14	0	0	0	0	1	7	13	14	0	0	0	0	7	3	0	27	7	2	1	2	7	3	0	27	7	2	1	2
1	17	17	592230802	0.01	0	0.1	0.04491782	0	0	0	1	0.5	0.005	0.01	50	80.7718464312048	886.456084647838	50	80.7718464312048	886.456084647838	161.784000686755	724.672083961083	886.456084647838	18.3	81.7	1	5	3	12	0	0	0	0	1	5	3	12	0	0	0	0	2	8	3	26	1	5	0	4	2	8	3	26	1	5	0	4
1	18	18	592230803	0.01	0	0.1	0.04491782	0	0	0	1	0.5	0.005	0.01	50	70.3714222798389	979.692516334558	50	70.3714222798389	979.692516334558	429.795155649145	549.897360685413	979.692516334558	43.9	56.1	0	4	11	13	0	0	0	0	0	4	11	13	0	0	0	0	6	5	13	16	2	2	2	3	6	5	13	16	2	2	2	3
1	19	19	592230804	0.01	0	0.1	0.04491782	0	0	0	1	0.5	0.005	0.01	50	83.0310235292609	957.070149256611	50	83.0310235292609	957.070149256611	126.407553132425	830.662596124186	957.070149256611	13.2	86.8	0	8	0	14	0	0	0	0	0	8	0	14	0	0	0	0	0	3	0	38	1	4	0	3	0	3	0	38	1	4	0	3
1	20	20	592230805	0.01	0	0.1	0.04491782	0	0	0	1	0.5	0.005	0.01	50	139.777699859066	1401.57147424445	50	139.777699859066	1401.57147424445	655.878487659606	745.692986584848	1401.57147424445	46.8	53.2	2	10	13	15	0	0	0	0	2	10	13	15	0	0	0	0	3	3	4	22	6	6	2	3	3	3	4	22	6	6	2	3
1	21	21	592230806	0.01	0	0.1	0.04491782	0	0	0	1	0.5	0.005	0.01	50	66.0368090926186	822.586524858645	50	66.0368090926186	822.586524858645	532.404227167719	290.182297690926	822.586524858645	64.7	35.3	1	7	11	2	0	0	0	0	1	7	11	2	0	0	0	0	10	1	14	18	2	3	1	0	10	1	14	18	2	3	1	0
1	22	22	592230807	0.01	0	0.1	0.04491782	0	0	0	1	0.5	0.005	0.01	50	87.7961796234287	1259.02378529071	50	87.7961796234287	1259.02378529071	540.006105295089	719.017679995624	1259.02378529071	42.9	57.1	0	8	11	12	0	0	0	0	0	8	11	12	0	0	0	0	4	5	6	19	1	7	3	4	4	5	6	19	1	7	3	4
1	23	23	592230808	0.01	0	0.1	0.04491782	0	0	0	1	0.5	0.005	0.01	50	88.0874738385538	1355.03478083616	50	88.0874738385538	1355.03478083616	612.076154564953	742.958626271204	1355.03478083616	45.2	54.8	4	11	12	11	0	0	0	0	4	11	12	11	0	0	0	0	4	3	8	21	3	5	4	1	4	3	8	21	3	5	4	1
1	24	24	592230809	0.01	0	0.1	0.04491782	0	0	0	1	0.5	0.005	0.01	50	51.914359325182	952.424786670785	50	51.914359325182	952.424786670785	367.498738150798	584.926048519987	952.424786670785	38.6	61.4	1	1	15	10	0	0	0	0	1	1	15	10	0	0	0	0	5	6	9	19	5	0	2	3	5	6	9	19	5	0	2	3
1	25	25	592230810	0.01	0	0.1	0.04491782	0	0	0	1	0.5	0.005	0.01	50	75.1994751840276	1176.70148256866	50	75.1994751840276	1176.70148256866	354.425144152807	822.276338415855	1176.70148256866	30.1	69.9	4	8	11	8	0	0	0	0	4	8	11	8	0	0	0	0	1	8	4	28	3	3	2	0	1	8	4	28	3	3	2	0
1	26	26	592230811	0.01	0	0.1	0.04491782	0	0	0	1	0.5	0.005	0.01	50	53.461539438842	809.079403470209	50	53.461539438842	809.079403470209	190.804423009958	618.274980460251	809.079403470209	23.6	76.4	1	6	4	11	0	0	0	0	1	6	4	11	0	0	0	0	1	10	3	25	1	5	0	4	1	10	3	25	1	5	0	4
1	27	27	592230812	0.01	0	0.1	0.04491782	0	0	0	1	0.5	0.005	0.01	50	57.7386330860614	927.015876472287	50	57.7386330860614	927.015876472287	177.286451322658	749.729425149629	927.015876472287	19.1	80.9	1	9	3	10	0	0	0	0	1	9	3	10	0	0	0	0	1	7	2	33	0	3	0	3	1	7	2	33	0	3	0	3
1	28	28	592230813	0.01	0	0.1	0.04491782	0	0	0	1	0.5	0.005	0.01	50	107.872514727952	1025.56213210814	50	107.872514727952	1025.56213210814	468.851058103444	556.711074004698	1025.56213210814	45.7	54.3	2	10	13	8	0	0	0	0	2	10	13	8	0	0	0	0	4	6	8	19	4	4	2	2	4	6	8	19	4	4	2	2
1	29	29	592230814	0.01	0	0.1	0.04491782	0	0	0	1	0.5	0.005	0.01	50	67.6527221188604	913.577493977916	50	67.6527221188604	913.577493977916	107.338110744417	806.239383233499	913.577493977916	11.7	88.3	1	7	0	8	0	0	0	0	1	7	0	8	0	0	0	0	1	8	1	37	0	2	0	0	1	8	1	37	0	2	0	0
1	30	30	592230815	0.01	0	0.1	0.04491782	0	0	0	1	0.5	0.005	0.01	50	63.0876031467271	953.248310615201	50	63.0876031467271	953.248310615201	253.560674752321	699.68763586288	953.248310615201	26.6	73.4	1	5	7	18	0	0	0	0	1	5	7	18	0	0	0	0	2	9	4	21	2	6	0	5	2	9	4	21	2	6	0	5
1	31	31	592230816	0.01	0	0.1	0.04491782	0	0	0	1	0.5	0.005	0.01	50	71.0202026595278	1144.3161469139	50	71.0202026595278	1144.3161469139	540.608829965097	603.707316948799	1144.3161469139	47.2	52.8	0	13	14	15	0	0	0	0	0	13	14	15	0	0	0	0	5	12	4	18	2	3	4	1	5	12	4	18	2	3	4	1
1	32	32	592230817	0.01	0	0.1	0.04491782	0	0	0	1	0.5	0.005	0.01	50	107.072206289203	1202.80227157514	50	107.072206289203	1202.80227157514	324.297692213034	878.504579362107	1202.80227157514	27	73	3	6	12	13	0	0	0	0	3	6	12	13	0	0	0	0	2	7	9	21	2	4	2	2	2	7	9	21	2	4	2	2
1	33	33	592230818	0.01	0	0.1	0.04491782	0	0	0	1	0.5	0.005	0.01	50	74.1241496751055	1140.82202774852	50	74.1241496751055	1140.82202774852	656.970122164819	483.851905583705	1140.82202774852	57.6	42.4	2	3	23	13	0	0	0	0	2	3	23	13	0	0	0	0	10	2	5	8	11	3	6	4	10	2	5	8	11	3	6	4
1	34	34	592230819	0.01	0	0.1	0.04491782	0	0	0	1	0.5	0.005	0.01	50	68.1322111591319	1125.5432153664	50	68.1322111591319	1125.5432153664	585.481699326471	540.06151603993	1125.5432153664	52	48	6	5	11	9	0	0	0	0	6	5	11	9	0	0	0	0	9	6	14	13	2	2	2	1	9	6	14	13	2	2	2	1
1	35	35	592230820	0.01	0	0.1	0.04491782	0	0	0	1	0.5	0.005	0.01	50	70.1919129079796	960.717591821092	50	70.1919129079796	960.717591821092	830.451452774746	130.266139046346	960.717591821092	86.4	13.6	4	2	35	2	0	0	0	0	4	2	35	2	0	0	0	0	9	3	16	1	8	1	11	0	9	3	16	1	8	1	11	0
1	36	36	592230821	0.01	0	0.1	0.04491782	0	0	0	1	0.5	0.005	0.01	50	70.3217399006077	1062.53034869854	50	70.3217399006077	1062.53034869854	820.187580836325	242.34276786222	1062.53034869854	77.2	22.8	9	6	27	3	0	0	0	0	9	6	27	3	0	0	0	0	13	0	13	9	8	0	6	0	13	0	13	9	8	0	6	0
1	37	37	592230822	0.01	0	0.1	0.04491782	0	0	0	1	0.5	0.005	0.01	50	60.0161343992082	935.703629016318	50	60.0161343992082	935.703629016318	205.92578310953	729.777845906789	935.703629016318	22	78	0	6	7	12	0	0	0	0	0	6	7	12	0	0	0	0	2	5	3	20	2	10	2	5	2	5	3	20	2	10	2	5
1	38	38	592230823	0.01	0	0.1	0.04491782	0	0	0	1	0.5	0.005	0.01	50	55.0903687389867	1077.16854567303	50	55.0903687389867	1077.16854567303	650.644042515244	426.524503157787	1077.16854567303	60.4	39.6	2	4	21	12	0	0	0	0	2	4	21	12	0	0	0	0	7	6	12	10	3	5	5	1	7	6	12	10	3	5	5	1
1	39	39	592230824	0.01	0	0.1	0.04491782	0	0	0	1	0.5	0.005	0.01	50	88.2884264894331	943.957155252309	50	88.2884264894331	943.957155252309	190.673344992274	753.283810260035	943.957155252309	20.2	79.8	2	8	4	14	0	0	0	0	2	8	4	14	0	0	0	0	5	5	3	22	1	7	1	5	5	5	3	22	1	7	1	5
1	40	40	592230825	0.01	0	0.1	0.04491782	0	0	0	1	0.5	0.005	0.01	50	73.146699315808	1068.22688609349	50	73.146699315808	1068.22688609349	482.001277283018	586.225608810471	1068.22688609349	45.1	54.9	2	7	16	7	0	0	0	0	2	7	16	7	0	0	0	0	6	5	11	18	1	2	4	2	6	5	11	18	1	2	4	2
1	41	41	592230826	0.01	0	0.1	0.04491782	0	0	0	1	0.5	0.005	0.01	50	53.2081001339413	1103.21951124423	50	53.2081001339413	1103.21951124423	420.96565508359	682.253856160641	1103.21951124423	38.2	61.8	0	10	9	16	0	0	0	0	0	10	9	16	0	0	0	0	2	9	2	22	4	7	1	2	2	9	2	22	4	7	1	2
1	42	42	592230827	0.01	0	0.1	0.04491782	0	0	0	1	0.5	0.005	0.01	50	70.3884942262668	962.443680035797	50	70.3884942262668	962.443680035797	167.436697208648	795.006982827149	962.443680035797	17.4	82.6	1	8	2	11	0	0	0	0	1	8	2	11	0	0	0	0	1	7	2	33	0	1	1	4	1	7	2	33	0	1	1	4
1	43	43	592230828	0.01	0	0.1	0.04491782	0	0	0	1	0.5	0.005	0.01	50	47.6588588050027	870.587309635539	50	47.6588588050027	870.587309635539	246.485222897722	624.102086737816	870.587309635538	28.3	71.7	1	4	7	4	0	0	0	0	1	4	7	4	0	0	0	0	3	11	9	21	1	4	0	0	3	11	9	21	1	4	0	0
1	44	44	592230829	0.01	0	0.1	0.04491782	0	0	0	1	0.5	0.005	0.01	50	89.1107216293634	903.408192442785	50	89.1107216293634	903.408192442785	727.862432022271	175.545760420514	903.408192442785	80.6	19.4	4	2	22	1	0	0	0	0	4	2	22	1	0	0	0	0	14	1	21	2	8	2	1	0	14	1	21	2	8	2	1	0
1	45	45	592230830	0.01	0	0.1	0.04491782	0	0	0	1	0.5	0.005	0.01	50	64.7521733024748	1086.49218376491	50	64.7521733024748	1086.49218376491	544.897490014154	541.594693750753	1086.49218376491	50.2	49.8	0	6	20	9	0	0	0	0	0	6	20	9	0	0	0	0	4	7	8	17	6	1	4	2	4	7	8	17	6	1	4	2
1	46	46	592230831	0.01	0	0.1	0.04491782	0	0	0	1	0.5	0.005	0.01	50	55.6866626374398	928.713296443129	50	55.6866626374398	928.713296443129	138.319212400199	790.39408404293	928.713296443129	14.9	85.1	1	5	11	19	0	0	0	0	1	5	11	19	0	0	0	0	0	10	2	25	0	6	1	5	0	10	2	25	0	6	1	5
1	47	47	592230832	0.01	0	0.1	0.04491782	0	0	0	1	0.5	0.005	0.01	50	112.899955688787	1263.27817000353	50	112.899955688787	1263.27817000353	975.576967031844	287.701202971683	1263.27817000353	77.2	22.8	5	5	30	6	0	0	0	0	5	5	30	6	0	0	0	0	11	2	14	3	8	1	10	0	11	2	14	3	8	1	10	0
1	48	48	592230833	0.01	0	0.1	0.04491782	0	0	0	1	0.5	0.005	0.01	50	54.9478114086217	1037.27708566731	50	54.9478114086217	1037.27708566731	185.851710277967	851.425375389342	1037.27708566731	17.9	82.1	2	6	4	15	0	0	0	0	2	6	4	15	0	0	0	0	2	6	3	28	2	5	2	1	2	6	3	28	2	5	2	1
1	49	49	592230834	0.01	0	0.1	0.04491782	0	0	0	1	0.5	0.005	0.01	50	71.6368817768299	985.622183194495	50	71.6368817768299	985.622183194495	219.964829088131	765.657354106365	985.622183194495	22.3	77.7	0	7	6	24	0	0	0	0	0	7	6	24	0	0	0	0	2	6	2	28	0	6	3	2	2	6	2	28	0	6	3	2
1	50	50	592230835	0.01	0	0.1	0.04491782	0	0	0	1	0.5	0.005	0.01	50	49.7316360368381	989.214899387501	50	49.7316360368381	989.214899387501	688.075430275057	301.139469112444	989.214899387501	69.6	30.4	3	8	15	5	0	0	0	0	3	8	15	5	0	0	0	0	8	4	16	12	3	2	4	0	8	4	16	12	3	2	4	0
1	51	51	592230836	0.01	0	0.1	0.04491782	0	0	0	1	0.5	0.005	0.01	50	76.5357418690723	1292.36657674212	50	76.5357418690723	1292.36657674212	563.607132110825	728.759444631293	1292.36657674212	43.6	56.4	2	5	8	11	0	0	0	0	2	5	8	11	0	0	0	0	4	3	14	15	3	5	3	2	4	3	14	15	3	5	3	2
1	52	52	592230837	0.01	0	0.1	0.04491782	0	0	0	1	0.5	0.005	0.01	50	56.9780490810482	1014.57541754516	50	56.9780490810482	1014.57541754516	212.562256392731	802.013161152427	1014.57541754516	21	79	3	8	5	16	0	0	0	0	3	8	5	16	0	0	0	0	3	11	7	19	0	5	1	3	3	11	7	19	0	5	1	3
1	53	53	592230838	0.01	0	0.1	0.04491782	0	0	0	1	0.5	0.005	0.01	50	88.5839577440354	1098.52013564465	50	88.5839577440354	1098.52013564465	358.087156788654	740.432978855993	1098.52013564465	32.6	67.4	2	7	10	13	0	0	0	0	2	7	10	13	0	0	0	0	3	4	2	16	8	11	2	3	3	4	2	16	8	11	2	3
1	54	54	592230839	0.01	0	0.1	0.04491782	0	0	0	1	0.5	0.005	0.01	50	79.7731174223597	1288.38512181536	50	79.7731174223597	1288.38512181536	312.396810356775	975.988311458587	1288.38512181536	24.2	75.8	6	4	14	19	0	0	0	0	6	4	14	19	0	0	0	0	0	4	4	26	3	8	4	0	0	4	4	26	3	8	4	0
1	55	55	592230840	0.01	0	0.1	0.04491782	0	0	0	1	0.5	0.005	0.01	50	82.769138673077	948.265890163417	50	82.769138673077	948.265890163417	491.707943488591	456.557946674826	948.265890163417	51.9	48.1	0	10	14	9	0	0	0	0	0	10	14	9	0	0	0	0	10	6	5	12	4	4	7	1	10	6	5	12	4	4	7	1
1	56	56	592230841	0.01	0	0.1	0.04491782	0	0	0	1	0.5	0.005	0.01	50	76.8531310536842	1253.68598572698	50	76.8531310536842	1253.68598572698	1034.21497401054	219.471011716436	1253.68598572698	82.5	17.5	8	3	38	2	0	0	0	0	8	3	38	2	0	0	0	0	10	2	21	1	6	0	8	1	10	2	21	1	6	0	8	1
1	57	57	592230842	0.01	0	0.1	0.04491782	0	0	0	1	0.5	0.005	0.01	50	79.79734373086	1085.57917917437	50	79.79734373086	1085.57917917437	281.585547065429	803.993632108945	1085.57917917437	25.9	74.1	1	9	8	13	0	0	0	0	1	9	8	13	0	0	0	0	2	8	3	24	4	4	2	2	2	8	3	24	4	4	2	2
1	58	58	592230843	0.01	0	0.1	0.04491782	0	0	0	1	0.5	0.005	0.01	50	60.9188642304455	1117.51053459443	50	60.9188642304455	1117.51053459443	605.735156013733	511.775378580694	1117.51053459443	54.2	45.8	0	6	13	11	0	0	0	0	0	6	13	11	0	0	0	0	9	5	8	17	4	3	1	2	9	5	8	17	4	3	1	2
1	59	59	592230844	0.01	0	0.1	0.04491782	0	0	0	1	0.5	0.005	0.01	50	75.6037042809009	841.274235012371	50	75.6037042809009	841.274235012371	190.696468237449	650.577766774922	841.274235012371	22.7	77.3	2	6	2	10	0	0	0	0	2	6	2	10	0	0	0	0	5	15	6	21	0	1	0	1	5	15	6	21	0	1	0	1
1	60	60	592230845	0.01	0	0.1	0.04491782	0	0	0	1	0.5	0.005	0.01	50	85.6806904698932	929.011026545307	50	85.6806904698932	929.011026545307	328.007413377468	601.003613167839	929.011026545307	35.3	64.7	1	5	11	8	0	0	0	0	1	5	11	8	0	0	0	0	3	9	5	18	2	9	2	1	3	9	5	18	2	9	2	1
1	61	61	592230846	0.01	0	0.1	0.04491782	0	0	0	1	0.5	0.005	0.01	50	81.6903746138664	1044.05352971852	50	81.6903746138664	1044.05352971852	220.452090853928	823.601438864593	1044.05352971852	21.1	78.9	2	6	7	13	0	0	0	0	2	6	7	13	0	0	0	0	2	11	1	21	4	6	1	3	2	11	1	21	4	6	1	3
1	62	62	592230847	0.01	0	0.1	0.04491782	0	0	0	1	0.5	0.005	0.01	50	75.4883295145963	1392.53181448051	50	75.4883295145963	1392.53181448051	1010.20373528106	382.328079199451	1392.53181448051	72.5	27.5	2	8	30	10	0	0	0	0	2	8	30	10	0	0	0	0	9	3	7	10	9	2	7	2	9	3	7	10	9	2	7	2
1	63	63	592230848	0.01	0	0.1	0.04491782	0	0	0	1	0.5	0.005	0.01	50	60.5209279511502	937.470917805449	50	60.5209279511502	937.470917805449	243.101309002567	694.369608802882	937.470917805449	25.9	74.1	0	6	3	15	0	0	0	0	0	6	3	15	0	0	0	0	3	7	6	25	0	6	0	2	3	7	6	25	0	6	0	2
1	64	64	592230849	0.01	0	0.1	0.04491782	0	0	0	1	0.5	0.005	0.01	50	89.2600739387235	1132.49797689828	50	89.2600739387235	1132.49797689828	830.044768716769	302.453208181514	1132.49797689828	73.3	26.7	2	6	14	6	0	0	0	0	2	6	14	6	0	0	0	0	7	2	23	10	6	0	1	0	7	2	23	10	6	0	1	0
1	65	65	592230850	0.01	0	0.1	0.04491782	0	0	0	1	0.5	0.005	0.01	50	109.077297791748	1399.40790828053	50	109.077297791748	1399.40790828053	721.0055203085	678.402387972035	1399.40790828053	51.5	48.5	2	9	11	16	0	0	0	0	2	9	11	16	0	0	0	0	8	4	9	14	2	4	4	4	8	4	9	14	2	4	4	4
1	66	66	592230851	0.01	0	0.1	0.04491782	0	0	0	1	0.5	0.005	0.01	50	56.9508562412593	937.504432940036	50	56.9508562412593	937.504432940036	303.106127348699	634.398305591337	937.504432940036	32.3	67.7	2	10	5	12	0	0	0	0	2	10	5	12	0	0	0	0	3	9	2	25	0	7	1	2	3	9	2	25	0	7	1	2
1	67	67	592230852	0.01	0	0.1	0.04491782	0	0	0	1	0.5	0.005	0.01	50	90.1766062925533	1363.06015418628	50	90.1766062925533	1363.06015418628	274.035540592846	1089.02461359344	1363.06015418628	20.1	79.9	1	8	1	28	0	0	0	0	1	8	1	28	0	0	0	0	1	7	6	20	0	8	0	7	1	7	6	20	0	8	0	7
1	68	68	592230853	0.01	0	0.1	0.04491782	0	0	0	1	0.5	0.005	0.01	50	96.3652816935816	1471.75903704608	50	96.3652816935816	1471.75903704608	571.041810431444	900.717226614634	1471.75903704608	38.8	61.2	4	8	14	12	0	0	0	0	4	8	14	12	0	0	0	0	7	7	9	19	2	3	1	1	7	7	9	19	2	3	1	1
1	69	69	592230854	0.01	0	0.1	0.04491782	0	0	0	1	0.5	0.005	0.01	50	74.7400207438197	1021.46121908436	50	74.7400207438197	1021.46121908436	219.862014882824	801.599204201533	1021.46121908436	21.5	78.5	0	6	5	15	0	0	0	0	0	6	5	15	0	0	0	0	1	8	3	25	2	6	1	3	1	8	3	25	2	6	1	3
1	70	70	592230855	0.01	0	0.1	0.04491782	0	0	0	1	0.5	0.005	0.01	50	74.5778645894869	941.228369338819	50	74.5778645894869	941.228369338819	601.57571098144	339.652658357379	941.228369338819	63.9	36.1	3	6	19	2	0	0	0	0	3	6	19	2	0	0	0	0	3	5	8	17	12	2	1	1	3	5	8	17	12	2	1	1
1	71	71	592230856	0.01	0	0.1	0.04491782	0	0	0	1	0.5	0.005	0.01	50	85.8219800585559	1013.47735391215	50	85.8219800585559	1013.47735391215	253.486368234519	759.990985677628	1013.47735391215	25	75	1	5	10	11	0	0	0	0	1	5	10	11	0	0	0	0	2	9	3	23	4	5	3	0	2	9	3	23	4	5	3	0
1	72	72	592230857	0.01	0	0.1	0.04491782	0	0	0	1	0.5	0.005	0.01	50	105.060504564575	1409.49834256565	50	105.060504564575	1409.49834256565	462.962250545218	946.536092020429	1409.49834256565	32.8	67.2	3	5	14	15	0	0	0	0	3	5	14	15	0	0	0	0	5	2	12	17	3	8	1	1	5	2	12	17	3	8	1	1
1	73	73	592230858	0.01	0	0.1	0.04491782	0	0	0	1	0.5	0.005	0.01	50	67.5328298122163	1190.67243906937	50	67.5328298122163	1190.67243906937	202.02353471416	988.648904355206	1190.67243906937	17	83	0	5	3	20	0	0	0	0	0	5	3	20	0	0	0	0	2	3	2	32	0	5	1	4	2	3	2	32	0	5	1	4
1	74	74	592230859	0.01	0	0.1	0.04491782	0	0	0	1	0.5	0.005	0.01	50	68.2700967538785	877.785520786456	50	68.2700967538785	877.785520786456	137.043767293128	740.741753493328	877.785520786456	15.6	84.4	0	10	3	11	0	0	0	0	0	10	3	11	0	0	0	0	2	7	0	36	0	2	0	2	2	7	0	36	0	2	0	2
1	75	75	592230860	0.01	0	0.1	0.04491782	0	0	0	1	0.5	0.005	0.01	50	70.4767404284477	1133.94471511692	50	70.4767404284477	1133.94471511692	363.724768946325	770.219946170595	1133.94471511692	32.1	67.9	3	12	8	15	0	0	0	0	3	12	8	15	0	0	0	0	7	9	5	19	3	3	0	3	7	9	5	19	3	3	0	3
1	76	76	592230861	0.01	0	0.1	0.04491782	0	0	0	1	0.5	0.005	0.01	50	56.6125808978638	989.407329018339	50	56.6125808978638	989.407329018339	324.834477518017	664.572851500322	989.407329018339	32.8	67.2	1	7	15	5	0	0	0	0	1	7	15	5	0	0	0	0	3	12	4	19	4	2	2	3	3	12	4	19	4	2	2	3
1	77	77	592230862	0.01	0	0.1	0.04491782	0	0	0	1	0.5	0.005	0.01	50	64.1875360519024	853.619192456041	50	64.1875360519024	853.619192456041	211.275354608586	642.343837847455	853.619192456041	24.8	75.2	1	4	3	11	0	0	0	0	1	4	3	11	0	0	0	0	4	6	4	23	2	4	0	6	4	6	4	23	2	4	0	6
1	78	78	592230863	0.01	0	0.1	0.04491782	0	0	0	1	0.5	0.005	0.01	50	63.3308687605833	855.483065577372	50	63.3308687605833	855.483065577372	315.167355816819	540.315709760554	855.483065577372	36.8	63.2	2	10	9	7	0	0	0	0	2	10	9	7	0	0	0	0	4	9	6	27	2	0	0	1	4	9	6	27	2	0	0	1
1	79	79	592230864	0.01	0	0.1	0.04491782	0	0	0	1	0.5	0.005	0.01	50	103.812804287643	1271.19856835073	50	103.812804287643	1271.19856835073	387.066186929447	884.132381421287	1271.19856835073	30.4	69.6	0	9	6	13	0	0	0	0	0	9	6	13	0	0	0	0	2	13	3	20	0	5	0	6	2	13	3	20	0	5	0	6
1	80	80	592230865	0.01	0	0.1	0.04491782	0	0	0	1	0.5	0.005	0.01	50	63.1470506524308	893.810780895689	50	63.1470506524308	893.810780895689	108.234276419337	785.576504476353	893.810780895689	12.1	87.9	0	6	0	7	0	0	0	0	0	6	0	7	0	0	0	0	1	10	0	30	0	5	0	3	1	10	0	30	0	5	0	3
1	81	81	592230866	0.01	0	0.1	0.04491782	0	0	0	1	0.5	0.005	0.01	50	83.0947882588204	1160.8692767624	50	83.0947882588204	1160.8692767624	212.485927421374	948.383349341023	1160.8692767624	18.3	81.7	0	8	2	21	0	0	0	0	0	8	2	21	0	0	0	0	0	17	0	22	1	3	0	6	0	17	0	22	1	3	0	6
1	82	82	592230867	0.01	0	0.1	0.04491782	0	0	0	1	0.5	0.005	0.01	50	72.3860626591185	890.160120827729	50	72.3860626591185	890.160120827729	576.087434366857	314.072686460871	890.160120827729	64.7	35.3	2	9	12	3	0	0	0	0	2	9	12	3	0	0	0	0	9	4	17	13	1	1	2	2	9	4	17	13	1	1	2	2
1	83	83	592230868	0.01	0	0.1	0.04491782	0	0	0	1	0.5	0.005	0.01	50	69.1233565518664	1138.47636148775	50	69.1233565518664	1138.47636148775	301.893972511148	836.582388976604	1138.47636148775	26.5	73.5	0	7	6	18	0	0	0	0	0	7	6	18	0	0	0	0	1	12	2	23	4	2	2	3	1	12	2	23	4	2	2	3
1	84	84	592230869	0.01	0	0.1	0.04491782	0	0	0	1	0.5	0.005	0.01	50	64.213783930205	1041.6417100697	50	64.213783930205	1041.6417100697	427.953133149433	613.688576920271	1041.6417100697	41.1	58.9	6	7	19	11	0	0	0	0	6	7	19	11	0	0	0	0	5	1	9	19	3	4	5	3	5	1	9	19	3	4	5	3
1	85	85	592230870	0.01	0	0.1	0.04491782	0	0	0	1	0.5	0.005	0.01	50	65.2516547965602	1119.94820828904	50	65.2516547965602	1119.94820828904	320.443239600565	799.504968688475	1119.94820828904	28.6	71.4	2	6	14	16	0	0	0	0	2	6	14	16	0	0	0	0	1	8	2	26	3	5	1	3	1	8	2	26	3	5	1	3
1	86	86	592230871	0.01	0	0.1	0.04491782	0	0	0	1	0.5	0.005	0.01	50	81.2653367502176	951.588183651286	50	81.2653367502176	951.588183651286	227.55904100451	724.029142646776	951.588183651286	23.9	76.1	3	8	3	14	0	0	0	0	3	8	3	14	0	0	0	0	2	8	3	23	2	8	0	3	2	8	3	23	2	8	0	3
1	87	87	592230872	0.01	0	0.1	0.04491782	0	0	0	1	0.5	0.005	0.01	50	59.014673866392	835.624320761334	50	59.014673866392	835.624320761334	137.746523132376	697.877797628959	835.624320761335	16.5	83.5	1	7	2	11	0	0	0	0	1	7	2	11	0	0	0	0	2	11	0	30	0	3	0	3	2	11	0	30	0	3	0	3
1	88	88	592230873	0.01	0	0.1	0.04491782	0	0	0	1	0.5	0.005	0.01	50	96.1042117879329	1153.5177357564	50	96.1042117879329	1153.5177357564	975.410730942641	178.107004813764	1153.5177357564	84.6	15.4	2	4	28	2	0	0	0	0	2	4	28	2	0	0	0	0	13	1	14	3	10	0	6	2	13	1	14	3	10	0	6	2
1	89	89	592230874	0.01	0	0.1	0.04491782	0	0	0	1	0.5	0.005	0.01	50	89.843155724227	1223.8049173956	50	89.843155724227	1223.8049173956	158.820846763699	1064.9840706319	1223.8049173956	13	87	1	5	3	14	0	0	0	0	1	5	3	14	0	0	0	0	0	12	1	27	0	5	1	3	0	12	1	27	0	5	1	3
1	90	90	592230875	0.01	0	0.1	0.04491782	0	0	0	1	0.5	0.005	0.01	50	113.461081593335	925.656089184533	50	113.461081593335	925.656089184533	368.18224637922	557.473842805313	925.656089184533	39.8	60.2	3	7	12	12	0	0	0	0	3	7	12	12	0	0	0	0	9	5	9	11	4	5	3	3	9	5	9	11	4	5	3	3
1	91	91	592230876	0.01	0	0.1	0.04491782	0	0	0	1	0.5	0.005	0.01	50	50.8234913336685	900.451257707425	50	50.8234913336685	900.451257707425	192.868783803779	707.582473903646	900.451257707425	21.4	78.6	2	9	2	15	0	0	0	0	2	9	2	15	0	0	0	0	4	6	0	30	2	2	0	5	4	6	0	30	2	2	0	5
1	92	92	592230877	0.01	0	0.1	0.04491782	0	0	0	1	0.5	0.005	0.01	50	54.0077483645872	1017.88481765198	50	54.0077483645872	1017.88481765198	154.745222144227	863.139595507756	1017.88481765198	15.2	84.8	1	6	3	15	0	0	0	0	1	6	3	15	0	0	0	0	0	14	1	29	0	3	0	2	0	14	1	29	0	3	0	2
1	93	93	592230878	0.01	0	0.1	0.04491782	0	0	0	1	0.5	0.005	0.01	50	75.147779179965	1213.36428514518	50	75.147779179965	1213.36428514518	186.255270533268	1027.10901461192	1213.36428514518	15.4	84.6	2	5	6	17	0	0	0	0	2	5	6	17	0	0	0	0	4	4	4	28	0	3	1	5	4	4	4	28	0	3	1	5
1	94	94	592230879	0.01	0	0.1	0.04491782	0	0	0	1	0.5	0.005	0.01	50	96.9911994800643	1124.14795454367	50	96.9911994800643	1124.14795454367	433.902541015343	690.245413528326	1124.14795454367	38.6	61.4	2	7	14	7	0	0	0	0	2	7	14	7	0	0	0	0	3	5	6	26	4	1	2	2	3	5	6	26	4	1	2	2
1	95	95	592230880	0.01	0	0.1	0.04491782	0	0	0	1	0.5	0.005	0.01	50	69.0035197838484	882.212565568389	50	69.0035197838484	882.212565568389	247.807612335109	634.40495323328	882.212565568389	28.1	71.9	2	5	7	11	0	0	0	0	2	5	7	11	0	0	0	0	4	7	8	19	1	4	2	4	4	7	8	19	1	4	2	4
1	96	96	592230881	0.01	0	0.1	0.04491782	0	0	0	1	0.5	0.005	0.01	50	95.8582834780947	1027.37189469267	50	95.8582834780947	1027.37189469267	949.539333425812	77.832561266862	1027.37189469267	92.4	7.6	4	3	35	2	0	0	0	0	4	3	35	2	0	0	0	0	9	0	17	3	8	1	10	1	9	0	17	3	8	1	10	1
1	97	97	592230882	0.01	0	0.1	0.04491782	0	0	0	1	0.5	0.005	0.01	50	47.8322300394823	897.693219771339	50	47.8322300394823	897.693219771339	258.260294168388	639.432925602952	897.693219771339	28.8	71.2	0	4	7	12	0	0	0	0	0	4	7	12	0	0	0	0	1	6	6	27	2	3	2	2	1	6	6	27	2	3	2	2
1	98	98	592230883	0.01	0	0.1	0.04491782	0	0	0	1	0.5	0.005	0.01	50	79.594512476569	1219.16023524879	50	79.594512476569	1219.16023524879	342.571685733839	876.588549514954	1219.16023524879	28.1	71.9	1	8	10	10	0	0	0	0	1	8	10	10	0	0	0	0	4	7	2	24	1	6	2	3	4	7	2	24	1	6	2	3
1	99	99	592230884	0.01	0	0.1	0.04491782	0	0	0	1	0.5	0.005	0.01	50	50.4837646636706	809.834029204227	50	50.4837646636706	809.834029204227	342.062925802988	467.771103401239	809.834029204227	42.2	57.8	1	6	16	9	0	0	0	0	1	6	16	9	0	0	0	0	4	4	4	19	7	5	3	3	4	4	4	19	7	5	3	3
1	100	100	592230885	0.01	0	0.1	0.04491782	0	0	0	1	0.5	0.005	0.01	50	61.7439430868252	1154.46825175736	50	61.7439430868252	1154.46825175736	248.090939135303	906.377312622053	1154.46825175736	21.5	78.5	3	8	5	11	0	0	0	0	3	8	5	11	0	0	0	0	3	13	5	23	0	1	2	2	3	13	5	23	0	1	2	2
